CAMPUS
FUNDIÇÃO:109:4
LDEM:68:12
DEM:44:13
DEE:28:14
GERAIS:73:20
AUDITÓRIO:59:20
DEC:90:21
DEIS:116:23
TEXTOS:42:26
DEQ:26:28
ADMINISTRATIVO:62:28
CANTINA:115:32
MAPA
000000000000000000000000000000000000000000000000000000000000000000000000000000000000000000000000000000000000000000000000000000000000000
000000000000000000000000000000000000000000000000000000000000000000000000000000000000000000000000000000000000000000000000000000000000000
000000000000000000000000000000000000000000000000000000000000000000000000000000000000000000000000000000000000000000000000000000000000000
000000000000000000000000000000000000000000000000000000000000000000000000000000000000000000000000000000000000000000000000000000000000000
000000000000000000000000000000000000000000000000000000000000000000000000000000000000000000000000000000000000100000000000000000000000000
000000000000000000000000000000000000000000000000000000000000000000000000000000000000000000000000000000011111100000000000000000000000000
000000000000000000000000000000000000000000000000000000000000000000000000000000000000000000000000000000110000000000000000000000000000000
000000000000000000000000000000000000000000000000000000000000000000000000000000000000000000000000000000200000000000000000000000000000000
000000000000000000000000000000000000000000000000000000000000000000000000000000000000000000000000000000200000000000000000000000000000000
000000000000000000000000000000000000000000000000000000000000000000000000000000000000000000000000000000100000000000000000000000000000000
000000000000000000000000000000000000000000000000000000000000000000000000000000000000000000000000000000111000000000000000000000000000000
000000000000000000000000000000000000000000000000000000000000000000000000000000000000000000000000000000001000000000000000000000000000000
000000000000000000000000000000000000000000000000000000011111111111110000000000000000000000000001222222111000000000000000000000000000000
000000000000000000000000000000000000000000010000000000010000000000000000000000000000000000000001000000001000000000000000000000000000000
000000000000000000000000000100000000000000010000000000011111111111111111111111111111111111111111000000001000000000000000000000000000000
000000000000000000000000000100000000000000010000000000010000000000000000002000000000000000000000000000001000000000000000000000000000000
000000000000000000000000000111111111111111111111111111111111111111111111111000000000000000000000000000001000000000000000000000000000000
000000000000000000000000000001000000001000000000000000000000000000000000001000000000000000000000000000001000000000000000000000000000000
000000000000000000000000000001000000001000000000000000000000000000000000000000000000000000000000000000001000000000000000000000000000000
000000000000000000000000000001000000001000000000000000000000000000000000000000000000000000000000000000001000000000000000000000000000000
000000000000000000000000000001000000001000000000000000000011000000000000100000000000000000000000000000001000000000000000000000000000000
000000000000000000000000000001000000001111111111111111111111111111111111100000000000000010000000000000001000000000000000000000000000000
000000000000000000000000000001000000001000000000000000000001000000000000111111111111111110000000000000001000000000000000000000000000000
000000000000000000000000000001000000001000000000000000000001000000000000000200000000100100000000000000001000000000010000000000000000000
000000000000000000000000000001000000001000000000000000000002000000000000000200000000100100000000000000001000000000010000000000000000000
000000000000000000000000000001000000001000000000000000000001111000000000000200000000100100000000000000001000000000010000000000000000000
000000000000000000000000000001000000001111000000000000000000001111111111111100000002111111111111111120001000000000010000000000000000000
000000000000000000000000000001000000001000000000000000000000001000000000000100000002000000000000000020001000000000010000000000000000000
000000000000000000000000011111111111111000000000000000000000011111111111111111111111111111111111111111111111111111110000000000000000000
000000000000000000000000000020000000002110000000000000000000000010000000000000000020000000000000000000000001000000000000000000000000000
000000000000000000000000000020000000002000000000000000000000000010000000000000000020000000000000000000000001000000000000000000000000000
000000000000000000000000000011111111111000000000000000000000000010000000000000000010000000000000010000000001000000000000000000000000000
000000000000000000000000000000000000001110000000000000000000000020002111111111111111111111111111111111111111000000100000000000000000000
000000000000000000000000000000000000001000000000000000000000000020002000000000000000000000000000000000000001111111100000000000000000000
000000000000000000000000000000000000001111111111111111111111111111111000000000000000000000000000000000000001000000000000000000000000000
000000000000000000000000000000000000001000000000000000000000000010000000000000000000000000000000000000000011000000000000000000000000000
000000000000000000000000000000000000001000000000000000000000000010000000000000000000000000000000000000000010000000000000000000000000000
000000000000000000000000000000000000000000000000000000000000000000000000000000000000000000000000000000000000000000000000000000000000000