GERAIS
3
Piso_0
SALAS
Entrada 13 27
Escadas 12 23
Sala_Informatica_Alunos 10 18
G0_A1 9 16
G0_A3 9 49
G0_A2 10 47
WC_Masculino 8 25
WC_Feminino 8 39
MAPA
0000000000000000000000000000000000000000000000000000000000000000000
0000000000000000000000000000000000000000000000000000000000000000000
0000000000000000000000000000000000000000000000000000000000000000000
0000000000000000000000000000000000000000000000000000000000000000000
0000000000000000000000000000000000000000000000000000000000000000000
0000000000000000000000000000000000000000000000000000000000000000000
0000000000000000000000000000000000000000000000000000000000000000000
0000000000000000000000000000000000000000000000000000000000000000000
0000000000000000000000000100000000000001000000000000000000000000000
0000000000000000111111111111111111111111111111111100000000000000000
0000000000000000001000010000000000000000000000010000000000000000000
0000000000000000000000011111000000000000000000000000000000000000000
0000000000000000000000010001000000000000000000000000000000000000000
0000000000000000000000000001000000000000000000000000000000000000000
0000000000000000000000000000000000000000000000000000000000000000000
0000000000000000000000000000000000000000000000000000000000000000000
0000000000000000000000000000000000000000000000000000000000000000000
0000000000000000000000000000000000000000000000000000000000000000000
0000000000000000000000000000000000000000000000000000000000000000000
0000000000000000000000000000000000000000000000000000000000000000000
Piso_1
SALAS
Escadas 11 22
G1_99 10 21
G1_100 9 21
G1_104 11 29
G1_105 11 31
G1_106 9 32
G1_107 11 36
G1_108 11 39
G1_109 9 38
G1_113 11 27
G1_117 9 43
WC_Masculino 8 22
WC_Feminino 8 42
MAPA
0000000000000000000000000000000000000000000000000000000000000000000
0000000000000000000000000000000000000000000000000000000000000000000
0000000000000000000000000000000000000000000000000000000000000000000
0000000000000000000000000000000000000000000000000000000000000000000
0000000000000000000000000000000000000000000000000000000000000000000
0000000000000000000000000000000000000000000000000000000000000000000
0000000000000000000000000000000000000000000000000000000000000000000
0000000000000000000000000000000000000000000000000000000000000000000
0000000000000000000000100000000000000000001000000000000000000000000
0000000000000000000001100000000010000011111100000000000000000000000
0000000000000000000001111111111111111111110000000000000000000000000
0000000000000000000000100001010100001001000000000000000000000000000
0000000000000000000000000000000000000000000000000000000000000000000
0000000000000000000000000000000000000000000000000000000000000000000
0000000000000000000000000000000000000000000000000000000000000000000
0000000000000000000000000000000000000000000000000000000000000000000
0000000000000000000000000000000000000000000000000000000000000000000
0000000000000000000000000000000000000000000000000000000000000000000
0000000000000000000000000000000000000000000000000000000000000000000
0000000000000000000000000000000000000000000000000000000000000000000
Piso_3
SALAS
Escadas 11 22
G2_111A 11 45
G2_111C 10 46
G2_112A 9 43
G2_120 9 38
G2_121 11 39
G2_121A 11 20
G2_121B 11 36
G2_121C 11 34
G2_121D 11 27
G2_121E 9 32
G2_121F 11 29
G2_121G 11 32
G2_123 9 26
G2_126 9 21
G2_127 10 14
WC_Masculino 8 22
WC_Feminino 8 42
MAPA
0000000000000000000000000000000000000000000000000000000000000000000
0000000000000000000000000000000000000000000000000000000000000000000
0000000000000000000000000000000000000000000000000000000000000000000
0000000000000000000000000000000000000000000000000000000000000000000
0000000000000000000000000000000000000000000000000000000000000000000
0000000000000000000000000000000000000000000000000000000000000000000
0000000000000000000000000000000000000000000000000000000000000000000
0000000000000000000000000000000000000000000000000000000000000000000
0000000000000000000000100000000000000000001000000000000000000000000
0000000000000000000001100010000010000010001100000000000000000000000
0000000000000011111111111111111111111111111111100000000000000000000
0000000000000000000010100001010010101001000001000000000000000000000
0000000000000000000000000000000000000000000000000000000000000000000
0000000000000000000000000000000000000000000000000000000000000000000
0000000000000000000000000000000000000000000000000000000000000000000
0000000000000000000000000000000000000000000000000000000000000000000
0000000000000000000000000000000000000000000000000000000000000000000
0000000000000000000000000000000000000000000000000000000000000000000
0000000000000000000000000000000000000000000000000000000000000000000
0000000000000000000000000000000000000000000000000000000000000000000